function dx = monoD(t,x) 
dx(1,1) = 10.000007048598490655422210693359*x(2) - 10.000006575497536687180399894714*x(1) + 0.00024675718213984509930014610290527; 
dx(2,1) = 28.000059428377426229417324066162*x(1) - 1.0000206804925255710259079933167*x(2) - 1.0000078639614002895541489124298*x(1)*x(3) + 0.00031639592270948924124240875244141; 
dx(3,1) = 0.99999502714945265324786305427551*x(1)*x(2) - 2.6666666026280836376827210187912*x(3) - 0.00011093088551206164993345737457275*x(1); 
end