function dx = monoD(t,x) 
dx(1,1) = 0.0003188944148196370953485256904969*x(2)^2*x(3)^3 - 0.00010022238455696663717020555850468*x(1)^2*x(3)^3 - 0.00016790704907265752154899018933065*x(1)^3*x(2)^2 - 0.0001175689264110157949971835478209*x(2)^4*x(3) + 0.00015971018332658348803931858128635*x(2)^5 - 0.00024676185087868507395114647806622*x(1)^3*x(2)*x(3) - 0.00013206643212060331649126965203322*x(1)^2*x(2)^2*x(3); 
dx(2,1) = 0.00046854353826669692395512356597465*x(2)^2*x(3)^3 - 0.000398760608342318967345363489585*x(1)^3*x(3)^2 + 0.00012974600964774096745202314195922*x(2)^3*x(3)^2 + 0.00011878512679315555988779351537232*x(1)*x(2)^4 - 0.0003272581943052355057943714200519*x(2)^4*x(3) - 0.00010159197556659782524235424716608*x(1)^5 - 0.00014995105708531797361615645058919*x(2)^4 + 0.00023800397174353338236585386766819*x(3)^4 - 0.00018679773913579666988482586020837*x(1)*x(2)^3*x(3) - 0.00018627851052679944565682035317877*x(1)^3*x(2)*x(3) - 0.00025094877294662421007842567632906*x(1)^2*x(2)*x(3)^2 - 0.00018908576449513936346136233623838*x(1)^2*x(2)^2*x(3); 
dx(3,1) = 0.00022792635080259859847728876047768*x(2)^2*x(3)^3 - 0.00022480667908922336017951693065697*x(1)^3*x(2)^2 - 0.00020796967713027081359200565202627*x(1)^2*x(2)^3 - 0.00019978543918716673566393637884175*x(1)*x(2)^4 + 0.00010673086408305443306687720905757*x(2)^3*x(3) - 0.00015511550788896433239472116838442*x(2)*x(3)^4 + 0.00014663148076060616986637796799187*x(2)^4*x(3) + 0.00014122956762888105863851251342567*x(2)^4 - 0.00011049305685907617746721598450677*x(3)^4 + 0.00010097384834802103359407965399441*x(1)*x(2)*x(3)^3 - 0.00017352481605592551261452172184363*x(1)^3*x(2)*x(3) + 0.00018474149175692899937928359577199*x(1)^2*x(2)*x(3)^2; 
end