function dx = monoD(t,x) 
dx(1,1) = 9.9999999197716533672064542770386*x(2) - 9.9999998206731106620281934738159*x(1); 
dx(2,1) = 28.000000026942871045321226119995*x(1) - 0.99999986158013598469551652669907*x(2) - 1.0000000022134827304398640990257*x(1)*x(3); 
dx(3,1) = 1.0000000401389570470200851559639*x(1)*x(2) - 2.6666668844404739502351731061935*x(3); 
end