function dx = monoD(t,x) 
dx(1,1) = 9.9999998765470081707462668418884*x(2) - 9.9999998324201442301273345947266*x(1); 
dx(2,1) = 27.999999531246430706232786178589*x(1) - 0.99999977790992033988004550337791*x(2) - 0.99999998629448327847057953476906*x(1)*x(3); 
dx(3,1) = 1.0000000193822415894828736782074*x(1)*x(2) - 2.6666666967375931562855839729309*x(3); 
end