function dx = monoD(t,x) 
dx(1,1) = 9.9999980263382894918322563171387*x(2) - 10.000000885433109942823648452759*x(1); 
dx(2,1) = 27.999999325638782465830445289612*x(1) - 1.0000031566642064717598259449005*x(2) - 1.0000000544980593986110761761665*x(1)*x(3); 
dx(3,1) = 1.0000008189681466319598257541656*x(1)*x(2) - 2.6666631144162238342687487602234*x(3); 
end