function dx = monoD(t,x) 
dx(1,1) = 9.9991613984966534189879894256592*x(2) - 9.9984084396255639148876070976257*x(1) + 0.00025225924561250723243688298680354*x(3) - 0.0002255372254102994133972970303148*x(1)*x(3) + 0.0001179790142964709520612132109818*x(2)*x(3) - 0.00080217819765593390002322848886251; 
dx(2,1) = 27.995654764767095912247896194458*x(1) - 0.99794590303952190879499539732933*x(2) - 0.00027373824742821240008083805150818*x(3) - 0.99952226149287071166327223181725*x(1)*x(3) - 0.00020971562292629308821290123887593*x(2)*x(3) + 0.000162467862752341263288258232933*x(1)^2 + 0.0010698273912272959762503887759522; 
dx(3,1) = 0.0014133000345177837431265288614668*x(1) - 0.00059497203084624139535208087181672*x(2) - 2.6666177517572577926330268383026*x(3) + 0.99996178470746599487029016017914*x(1)*x(2) - 0.00018426384063582879058174057718134*x(1)*x(3) + 0.00012836355077044947492481696826871*x(1)^2 - 0.0003457325067439676047342800302431; 
end