function dx = monoD(t,x) 
dx(1,1) = 10.000048092870201799087226390839*x(2) - 9.9998051018155820202082395553589*x(1) + 0.00044463864419913567971320844662841*x(3) - 0.005582817616068602717405155999586; 
dx(2,1) = 28.000041855830204440280795097351*x(1) - 0.99999903974037351872539147734642*x(2) - 1.0000004096330030733952298760414*x(1)*x(3) - 0.00079090475337828536339657148346305; 
dx(3,1) = 1.0000239725891333364415913820267*x(1)*x(2) - 2.6673627936065713583957403898239*x(3) - 0.0003304314690935616916078743088292*x(1) + 0.0088399634069276089576305821537971; 
end