function dx = monoD(t,x) 
dx(1,1) = 10.000059577436331892386078834534*x(2) - 9.999726340613051434047520160675*x(1) + 0.00059371365245208806982191163115203*x(3) - 0.0075124099744483530116667679976672; 
dx(2,1) = 28.000030521663575200363993644714*x(1) - 1.0000018307366644876310601830482*x(2) - 1.0000003925065357179846614599228*x(1)*x(3) - 0.00041328833966575162506273954932112; 
dx(3,1) = 1.0000284464879314327845349907875*x(1)*x(2) - 2.6674505138803397130686789751053*x(3) - 0.00039140132764270418874730239622295*x(1) + 0.010041962274907945129598374478519; 
end