function dx = monoD(t,x) 
dx(1,1) = 0.00014013850048838483175472902075853*x(2) - 0.00014402322271361844840953381208237*x(1) - 0.00029948430023363226126775771263056*x(3) - 0.0013064706420107263795671315165237*x(1)^2*x(2)^2 + 0.00029270367916595096957621535693761*x(1)^2*x(3)^2 + 0.0036797399719810108820183813804761*x(2)^2*x(3)^2 + 0.00051919540930889240826218156144023*x(1)*x(2) - 0.0033887341141740634498091822024435*x(1)*x(3) + 0.0013436390151730925879292044555768*x(2)*x(3) + 0.0041320219983038697364463587291539*x(1)*x(2)^2 - 0.0019158846938676088456077195587568*x(1)^2*x(2) - 0.0055980588675224041139699693303555*x(1)*x(2)^3 - 0.050661015789337682235782267525792*x(1)*x(3)^2 - 0.0054185275937763677234215720091015*x(1)^2*x(3) - 0.007124403462127837372008798411116*x(1)^3*x(2) + 0.0015339061439130219355320150498301*x(1)*x(3)^3 + 0.01183742672793464123515150276944*x(2)*x(3)^2 - 0.002426486858246867939215007936582*x(1)^3*x(3) + 0.00098380539355247265120851807296276*x(2)^2*x(3) - 0.00060836526987562145052379491971806*x(2)*x(3)^3 + 0.0013250674147871066566040099132806*x(2)^3*x(3) - 0.0003195088605862372865829001966631*x(1)^2 + 0.0026630337291480010719624260673299*x(1)^3 - 0.00016783959366356571152323340356816*x(2)^2 + 0.0011943015480759822111167522962205*x(1)^4 - 0.0070825476413425292321335291489959*x(2)^3 - 0.0020318280053910342530798516236246*x(3)^2 + 0.0038733362499829837588549708016217*x(2)^4 + 0.0031757522699842333224751200759783*x(3)^3 - 0.00012758522774558578305459377588704*x(3)^4 + 0.0018318965961778843620777479372919*x(1)*x(2)*x(3)^2 - 0.0034328783696722098284226376563311*x(1)*x(2)^2*x(3) - 0.0044170292115470743965488509275019*x(1)^2*x(2)*x(3) + 0.0068350214248473761813329474534839*x(1)*x(2)*x(3); 
dx(2,1) = 0.000382584466680102597280210829922*x(1) + 0.00029504432732097018998729254235514*x(2) + 0.00075659054582011275869035671348684*x(3) - 0.015843580431116777162969810888171*x(1)^2*x(2)^2 + 0.0017638603530703012012281760689802*x(1)^2*x(3)^2 - 0.0011555409631849311580253925058059*x(2)^2*x(3)^2 + 0.0005142545817177213152149306552019*x(1)*x(2) + 0.0041511246380920852061535697430372*x(1)*x(3) + 0.0047111424977268612224179378245026*x(2)*x(3) - 0.0050638693215390162549738306552172*x(1)*x(2)^2 - 0.0024390441920858485502776602515951*x(1)^2*x(2) + 0.01296493548951183072404091944918*x(1)*x(2)^3 + 0.031958089733400640852778451517224*x(1)*x(3)^2 + 0.021962655436890798910098965279758*x(1)^2*x(3) - 0.01044680445915169286763557465747*x(1)^3*x(2) - 0.0023252057199512066176794178318232*x(1)*x(3)^3 + 0.05746084195600076327536953613162*x(2)*x(3)^2 + 0.0051761738677358337668010790366679*x(1)^3*x(3) - 0.005761867462240388704231008887291*x(2)^2*x(3) - 0.0023664435583889975589499954367056*x(2)*x(3)^3 - 0.0055772445233968070965602237265557*x(2)^3*x(3) + 0.0018644185973364368891225240076892*x(1)^2 + 0.0039226637529248264968373405281454*x(1)^3 - 0.00085091368480172402399830389185809*x(2)^2 - 0.014618533600865291077752772253007*x(1)^4 - 0.01647407602554551431239815428853*x(2)^3 + 0.0044656357388559442256337206345052*x(3)^2 - 0.0014418443196473340606189594836906*x(2)^4 - 0.003083574891232565562404488446191*x(3)^3 + 0.00021280214208588277280398415314266*x(3)^4 + 0.0013387286194075365131084254244342*x(1)*x(2)*x(3)^2 + 0.0076278327898888775848718069028109*x(1)*x(2)^2*x(3) + 0.0082955841390557338854705449193716*x(1)^2*x(2)*x(3) + 0.008491213911108630441049172077328*x(1)*x(2)*x(3); 
dx(3,1) = 0.001245065259210864638816929073073*x(1)^2*x(3)^2 - 0.00031419700440432629662268482206855*x(3) - 0.0027509928487687851372811564942822*x(1)^2*x(2)^2 - 0.0001298452480173462042500887037022*x(1) + 0.0014693059955157572460393566871062*x(2)^2*x(3)^2 + 0.0011375804841151637702978405286558*x(1)*x(2) - 0.0023426732072158173991738294716924*x(1)*x(3) - 0.00088274451568182144001184497028589*x(2)*x(3) + 0.0053930704189406597492961736861616*x(1)*x(2)^2 + 0.0048278042678120414166187401860952*x(1)^2*x(2) - 0.0017945414513214075213909382000566*x(1)*x(2)^3 - 0.028842510955648492654290748760104*x(1)*x(3)^2 - 0.0024399924860993849051737925037742*x(1)^2*x(3) - 0.011066640460402510370840900577605*x(1)^3*x(2) + 0.0005259699884528901137059619941283*x(1)*x(3)^3 - 0.013446060926879610519790730904788*x(2)*x(3)^2 + 0.00039586537088759365943246848473791*x(1)^3*x(3) + 0.017954890225471586973071680404246*x(2)^2*x(3) - 0.00070688235063709470296089421026409*x(2)*x(3)^3 + 0.00017094612380413876095985870051663*x(2)^3*x(3) + 0.00029831719849909843489399463578593*x(1)^3 + 0.0020818023133553076320367836160585*x(2)^2 - 0.0046384638691483459638220665510744*x(1)^4 + 0.011468425573458063126963679678738*x(2)^3 - 0.0020262331838312164222770661581308*x(3)^2 + 0.0020746514173679564407848374685273*x(2)^4 - 0.006893280683429203747891733655706*x(3)^3 + 0.00018993375726475414388971785228932*x(3)^4 + 0.0031399745790365862774251581868157*x(1)*x(2)*x(3)^2 + 0.00082132534024093040159186784876511*x(1)*x(2)^2*x(3) - 0.00098369761372185671177703625289723*x(1)^2*x(2)*x(3) + 0.0097554061901146127411266206763685*x(1)*x(2)*x(3); 
end