function dx = monoD(t,x) 
dx(1,1) = 10.000053529542128671891987323761*x(2) - 9.9997711406158487079665064811707*x(1) + 0.0005107279878454606958371186919976*x(3) - 0.0064342131631089927168432041071355; 
dx(2,1) = 28.000032933505281107500195503235*x(1) - 1.0000008829886155581334605813026*x(2) - 1.0000003653606199804926291108131*x(1)*x(3) - 0.00053156642013729715756653604330495; 
dx(3,1) = 1.0000266335007381712784990668297*x(1)*x(2) - 2.6674246039515310258138924837112*x(3) - 0.00036703382261077388548642375099007*x(1) + 0.0096585780283149347269500140100718; 
end