function dx = monoD(t,x) 
dx(1,1) = 0.00041308938551787299786610674345866*x(2)^2*x(3)^3 - 0.00016111890644374127212756775406888*x(1)^2*x(3)^3 - 0.0002788917946212055021248943376122*x(1)^3*x(3)^2 - 0.00016088397282273958488474363548448*x(1)^2*x(2)^3 - 0.00024713065215059559776022979349364*x(2)^3*x(3)^2 + 0.0001486177450024939172834592682193*x(1)*x(2)^4 + 0.00017159480357975542830217818845995*x(1)^4*x(2) + 0.00011540464259694738213823939076974*x(2)*x(3)^3 - 0.00027490970534904679567489438340999*x(1)^4*x(3) - 0.00025266397522122341356975994131062*x(1)^5 + 0.00019375008727304243727473931357963*x(1)*x(2)^3*x(3) - 0.0001147326643149149116851504004444*x(1)^3*x(2)*x(3) + 0.00010872718859308849737033142446307*x(1)^2*x(2)*x(3)^2 - 0.00023898650335518745180252153659239*x(1)^2*x(2)^2*x(3); 
dx(2,1) = 0.00051614009937261950966558288200758*x(2)^2*x(3)^3 - 0.00033910111754226202052109329088125*x(1)^3*x(3)^2 + 0.00012915448089753645000143933430081*x(1)*x(2)^4 + 0.00011252313218802767469384207288385*x(2)*x(3)^3 - 0.00011464446810294237621974389185198*x(1)^4*x(3) - 0.00028013217945133117581235637771897*x(2)^4*x(3) - 0.00018212720690086170449717428709846*x(1)^5 + 0.00010819112426092847289993414960918*x(2)^5 + 0.00016054669817922029295687025296502*x(3)^4 - 0.00011406168521038706487047420523595*x(1)*x(2)^3*x(3) - 0.00023332163478415046675706889800495*x(1)^3*x(2)*x(3) - 0.00018022702496592324372670645971084*x(1)^2*x(2)*x(3)^2 - 0.00024856174619053428287429596821312*x(1)^2*x(2)^2*x(3); 
dx(3,1) = 0.0003716330555865177132091048406437*x(1)^3*x(3)^2 - 0.00057482987137502661312282725702971*x(1)^3*x(2)^2 - 0.00019578077365040025270559453929309*x(1)^2*x(2)^3 + 0.00016387763772610086654424321750412*x(2)^2*x(3)^2 + 0.00036808090638784651815740289748646*x(2)^3*x(3)^2 + 0.00012537187400346594401412403385621*x(1)*x(2)^3 - 0.00042832881690713087152744265040383*x(1)*x(2)^4 - 0.00029760775219694890481036964047235*x(1)^4*x(2) + 0.00030983090507213928432861393957864*x(1)^4*x(3) + 0.00023799245378552935648031052551232*x(2)^3*x(3) - 0.00016709773974174502164657951652771*x(2)*x(3)^4 + 0.00021864562099094264624454808654264*x(1)^5 + 0.00024754047249275767939025172381662*x(2)^4 + 0.0004115416723998732706490955024492*x(2)^5 + 0.0001345271425768901352171269536484*x(1)*x(2)^2*x(3) + 0.00022229985808389085555347719491692*x(1)*x(2)*x(3)^3 - 0.00051548916880927997397066064877436*x(1)*x(2)^3*x(3) - 0.00044592942920973488440949950017966*x(1)^3*x(2)*x(3) + 0.00010264448169949869082984150736593*x(1)^2*x(2)*x(3)^2; 
end