function dx = monoD(t,x) 
dx(1,1) = 9.999999525100065511651337146759*x(2) - 9.9999998008224793011322617530823*x(1); 
dx(2,1) = 27.999991537053574575111269950867*x(1) - 0.99999670973284082720056176185608*x(2) - 0.99999971050510794157162308692932*x(1)*x(3); 
dx(3,1) = 1.0000001741454980219714343547821*x(1)*x(2) - 2.6666684674510179320350289344788*x(3); 
end