function dx = monoD(t,x) 
dx(1,1) = 9.9999999139072315301746129989624*x(2) - 9.9999998326966306194663047790527*x(1); 
dx(2,1) = 27.999999869763996684923768043518*x(1) - 0.99999982643078055843943729996681*x(2) - 0.99999999730869149061618372797966*x(1)*x(3); 
dx(3,1) = 1.0000000348343291989294812083244*x(1)*x(2) - 2.6666668316343020705971866846085*x(3); 
end