function dx = monoD(t,x) 
dx(1,1) = 9.8304621764655166771262884140015*x(2) - 9.6652108110611152369529008865356*x(1) - 0.094948209010894402126723434776068*x(3) - 0.00061660853820488803478383488254622*x(1)*x(2) - 0.011586347267561691865012107882649*x(1)*x(3) + 0.0063618764309856246086383180227131*x(2)*x(3) - 0.01328843051134676045421656453982*x(1)^2 + 0.0036822118054669061848471756093204*x(2)^2 + 0.0040665245916757797317586664576083*x(3)^2 + 0.39425856716138696356210857629776; 
dx(2,1) = 28.318851021253067301586270332336*x(1) - 1.144345136894116876646876335144*x(2) - 0.0093789075698218482557422248646617*x(3) - 0.0001490441349423221595316135790199*x(1)*x(2) - 1.0111251248133612534729763865471*x(1)*x(3) + 0.0070494684071729096785929868929088*x(2)*x(3) - 0.011133207310502157838527637068182*x(1)^2 + 0.00072969878034667701172111264895648*x(2)^2 + 0.001708713608004286399477678060066*x(3)^2 - 0.49861751844866830651881173253059; 
dx(3,1) = 0.29845714624110541990376077592373*x(2) - 0.6066092596806811343412846326828*x(1) - 2.5416108241311121673788875341415*x(3) + 1.0007134724107800138881430029869*x(1)*x(2) + 0.021123860239423919438195298425853*x(1)*x(3) - 0.012147144685474842162875575013459*x(2)*x(3) + 0.023229169742034372347916360013187*x(1)^2 - 0.0050571039271050111096883483696729*x(2)^2 - 0.0060895838906329657902460894547403*x(3)^2 - 0.2189324836216997027804609388113; 
end