function dx = monoD(t,x) 
dx(1,1) = 9.9999969726377457845956087112427*x(2) - 9.9999986775783327175304293632507*x(1); 
dx(2,1) = 27.999998774968844372779130935669*x(1) - 1.0000027813941869681002572178841*x(2) - 0.99999999717192622483707964420319*x(1)*x(3); 
dx(3,1) = 1.0000006755647063982905820012093*x(1)*x(2) - 2.6666631742868958099279552698135*x(3); 
end