function dx = monoD(t,x) 
dx(1,1) = 9.8152714070001820800825953483582*x(2) - 9.633511504040143336169421672821*x(1) - 0.10064828074729348372784443199635*x(3) - 0.00068284365956117198948049917817116*x(1)*x(2) - 0.01267480206009885534967907005921*x(1)*x(3) + 0.0069974396001510896780928305815905*x(2)*x(3) - 0.014480044470788655530668620485812*x(1)^2 + 0.0039215274976918124139046994969249*x(2)^2 + 0.0043671008178138848165872332174331*x(3)^2 + 0.39449538311123433231841772794724; 
dx(2,1) = 28.312708128807571483775973320007*x(1) - 1.1413580722726237581809982657433*x(2) - 0.0082357197032756346288806525990367*x(3) - 0.00014152584868920570215777843259275*x(1)*x(2) - 1.0109116898524916905444115400314*x(1)*x(3) + 0.0069251258099276569168978312518448*x(2)*x(3) - 0.010900519593995738887315383180976*x(1)^2 + 0.0006829340354157498182985364110209*x(2)^2 + 0.0016501574798715168412854836788028*x(3)^2 - 0.49941065652842553390655666589737; 
dx(3,1) = 0.30429454022583968253456987440586*x(2) - 0.61908464080897829262539744377136*x(1) - 2.5392145673540653660893440246582*x(3) + 1.0007629291583270969567820429802*x(1)*x(2) + 0.021540414220154957547492813318968*x(1)*x(3) - 0.012388872841221143517032032832503*x(2)*x(3) + 0.023696056032743939567808411084116*x(1)^2 - 0.0051573570204306307118713448289782*x(2)^2 - 0.0062155274830084650261596834752709*x(3)^2 - 0.21899680530165710479195695370436; 
end