function dx = monoD(t,x) 
dx(1,1) = 9.9999995457874319981783628463745*x(2) - 9.9999998097628122195601463317871*x(1); 
dx(2,1) = 27.999991857155691832304000854492*x(1) - 0.9999969972543567564571276307106*x(2) - 0.99999971311774515925208106637001*x(1)*x(3); 
dx(3,1) = 1.0000001850714852480450645089149*x(1)*x(2) - 2.6666688215514113835524767637253*x(3); 
end