function dx = monoD(t,x) 
dx(1,1) = 9.9995796078874263912439346313477*x(2) - 9.9938753028109204024076461791992*x(1) + 0.0044316693821935260189093241933733*x(3) + 0.00091973548293433626810156056308188*x(1)*x(2) - 0.00047923487645301632298355798411649*x(1)*x(3) + 0.00010689441265404608927269691776019*x(2)*x(3) - 0.00056201038858783025631282725953497*x(2)^2 - 0.00022545328174253254083225783688249*x(3)^2 - 0.036326315860350177899817936122417; 
dx(2,1) = 28.006591313114768126979470252991*x(1) - 1.0017971199815747240791097283363*x(2) + 0.0020089990614784447586771420901641*x(3) + 0.00061035564274325437850166053976864*x(1)*x(2) - 1.0005167012450328911654651165009*x(1)*x(3) + 0.00014824122827269969882024724938674*x(2)*x(3) - 0.00034028510645717213733973949274514*x(2)^2 - 0.0001100240825262777111248624350992*x(3)^2 - 0.01674489642537935196742182597518; 
dx(3,1) = 0.0025634701309358298715324053773656*x(2) - 0.003029892755076701860161847434938*x(1) - 2.6634319365953160740900784730911*x(3) + 1.0000499977238632709486410021782*x(1)*x(2) + 0.0002492520906058892649070912739262*x(1)*x(3) - 0.00015802899713987517138491512014298*x(2)^2 - 0.0001406027514158081359596508264076*x(3)^2 - 0.027522041371518923824623925611377; 
end