function dx = monoD(t,x) 
dx(1,1) = 9.9999998952189343981444835662842*x(2) - 9.9999998354251147247850894927979*x(1); 
dx(2,1) = 27.999999664705683244392275810242*x(1) - 0.99999979232825353392399847507477*x(2) - 0.9999999907263372733723372220993*x(1)*x(3); 
dx(3,1) = 1.0000000257655301538761705160141*x(1)*x(2) - 2.666666748002626263769343495369*x(3); 
end