function dx = monoD(t,x) 
dx(1,1) = 9.9999975451373757096007466316223*x(2) - 9.9999998820458131376653909683228*x(1); 
dx(2,1) = 27.99999903217030805535614490509*x(1) - 1.0000029521927444875473156571388*x(2) - 1.0000000243360318563645705580711*x(1)*x(3); 
dx(3,1) = 1.0000007406683835142757743597031*x(1)*x(2) - 2.6666631526527453388553112745285*x(3); 
end