function dx = monoD(t,x) 
dx(1,1) = 9.999998853638317086733877658844*x(2) - 10.000002426932041998952627182007*x(1); 
dx(2,1) = 28.000000165364326676353812217712*x(1) - 1.0000038504824715346330776810646*x(2) - 1.0000001377368334942730143666267*x(1)*x(3); 
dx(3,1) = 1.0000011468412139947758987545967*x(1)*x(2) - 2.6666627925023931311443448066711*x(3); 
end