function dx = monoD(t,x) 
dx(1,1) = 9.9019593287994212005287408828735*x(2) - 9.8140629237132088746875524520874*x(1) - 0.068406415522218821934075094759464*x(3) - 0.0003353936935102663774443954025628*x(1)*x(2) - 0.0064605078048156627801290596835315*x(1)*x(3) + 0.0033658033252579322436304209986702*x(2)*x(3) - 0.0076908022164019484989694319665432*x(1)^2 + 0.0025684754961421418784084380604327*x(2)^2 + 0.0026653243690510919350344920530915*x(3)^2 + 0.39357049295199431071523576974869; 
dx(2,1) = 28.322610139039170462638139724731*x(1) - 1.1462256588577020011143758893013*x(2) - 0.010705493071210270272786146961153*x(3) - 0.0001702758793701852901847360044485*x(1)*x(2) - 1.0112488788047357957111671566963*x(1)*x(3) + 0.0071148289004492326625950227025896*x(2)*x(3) - 0.011285207058762125598150305449963*x(1)^2 + 0.00078155801253498857761314866365865*x(2)^2 + 0.0017629129536125276445091003552079*x(3)^2 - 0.49217931554159122242708690464497; 
dx(3,1) = 0.24606161521998615171469282358885*x(2) - 0.49674717625276798571576364338398*x(1) - 2.5612837374410446500405669212341*x(3) + 1.0004627628807156725088134407997*x(1)*x(2) + 0.017364603076128304337544250302017*x(1)*x(3) - 0.0099502188395703683454485144466162*x(2)*x(3) + 0.019107483808767256050487048923969*x(1)^2 - 0.0042352250813824099395787925459445*x(2)^2 - 0.0050454201110765595217344525735825*x(3)^2 - 0.22121409807070335773460101336241; 
end