function dx = monoD(t,x) 
dx(1,1) = 9.9999999144438334042206406593323*x(2) - 10.000000010837538866326212882996*x(1); 
dx(2,1) = 27.999993401506799273192882537842*x(1) - 0.99999810500867170048877596855164*x(2) - 0.99999973454976043285569176077843*x(1)*x(3); 
dx(3,1) = 1.0000002255144408991327509284019*x(1)*x(2) - 2.6666700709029100835323333740234*x(3); 
end