function dx = monoD(t,x) 
dx(1,1) = 9.9995107120248576393350958824158*x(2) - 9.9951241474100243067368865013123*x(1) + 0.0032623824747148866265433753142133*x(3) + 0.00069135164744160704231035197153687*x(1)*x(2) - 0.00038567726286414805159097340947483*x(1)*x(3) - 0.00042138225754356772867481595312711*x(2)^2 - 0.00016665335398480252138142532203346*x(3)^2 - 0.026761330690206364124605897814035; 
dx(2,1) = 28.007690929400268942117691040039*x(1) - 1.0027401019326589448610320687294*x(2) + 0.00076576945343964641921274960623123*x(3) + 0.00050476213613803722068951174151152*x(1)*x(2) - 1.0006248615711683669360354542732*x(1)*x(3) + 0.00017607861306398464584788143838523*x(2)*x(3) - 0.00025909769530901849421411498042289*x(2)^2 - 0.0063070048365290176661801524460316; 
dx(3,1) = 0.0025875937448409658259151910897344*x(2) - 0.0036632403428695781144597276579589*x(1) - 2.6638392285890404309611767530441*x(3) + 1.0000370800300970586249604821205*x(1)*x(2) + 0.0003079559661909314627337153069675*x(1)*x(3) - 0.00012682301487892955194070054858457*x(2)^2 - 0.00011916757239699427017853849974927*x(3)^2 - 0.024494273426945767369034001603723; 
end