function dx = monoD(t,x) 
dx(1,1) = 9.9993802147346286801621317863464*x(2) - 9.9963274324018129846081137657166*x(1) + 0.001979779551185778529998060548678*x(3) + 0.00044808780110877632907318002253305*x(1)*x(2) - 0.00029664787904348788316610807669349*x(1)*x(3) - 0.00027096676008925291156970160955098*x(2)^2 - 0.00010279478026085919761811737771495*x(3)^2 - 0.016233710047178107060972251929343; 
dx(2,1) = 28.008359628154721576720476150513*x(1) - 1.0032467155645008460851386189461*x(2) + 0.00045856122225707007800110659445636*x(1)*x(2) - 1.0006943969838175689801573753357*x(1)*x(3) + 0.00019141211625348097946641701128101*x(2)*x(3) - 0.00022261018815031285988936815556372*x(2)^2 - 0.00072925304963966652849194360896945; 
dx(3,1) = 0.0026372374601071335575852572219446*x(2) - 0.0042043126678557030118099646642804*x(1) - 2.6641196405139453418087214231491*x(3) + 1.0000403167234708234900608658791*x(1)*x(2) + 0.00035876818085756045917378287413158*x(1)*x(3) - 0.00010725536808044167091935605640174*x(2)^2 - 0.0001039451101793736897960229725868*x(3)^2 - 0.022440436561307564033995731733739; 
end