function dx = monoD(t,x) 
dx(1,1) = 9.8640798033629835117608308792114*x(2) - 9.7352779554512380855157971382141*x(1) - 0.082405491828893673300626687705517*x(3) - 0.00047758985538026710315762102254666*x(1)*x(2) - 0.0091767945284253471527335932478309*x(1)*x(3) + 0.0049541123730216796161585079971701*x(2)*x(3) - 0.010653992814335211392062774393708*x(1)^2 + 0.0031557845038263643289155879756436*x(2)^2 + 0.0034046784547658859310104162432253*x(3)^2 + 0.39385400346935739435139112174511; 
dx(2,1) = 28.325741068474599160254001617432*x(1) - 1.1477082401206644135527312755585*x(2) - 0.010830411617206436858396045863628*x(3) - 0.00016225580260617600281136674311711*x(1)*x(2) - 1.0113626311183452344266697764397*x(1)*x(3) + 0.0071859478757119177316781133413315*x(2)*x(3) - 0.011396739358213281434473174158484*x(1)^2 + 0.00078846757348982610125176506699063*x(2)^2 + 0.0017793795419378533040344336768612*x(3)^2 - 0.4961383065639779488265048712492; 
dx(3,1) = 0.27950906853681090069585479795933*x(2) - 0.56661825543505983659997582435608*x(1) - 2.5489438868198703858070075511932*x(3) + 1.0006000080174999311566352844238*x(1)*x(2) + 0.019766410635170927889703307300806*x(1)*x(3) - 0.011355750953295995486769243143499*x(2)*x(3) + 0.021730207616659669156433665193617*x(1)^2 - 0.0047507855864346026919520227238536*x(2)^2 - 0.0057016961004237032284436281770468*x(3)^2 - 0.21943242071967006268096156418324; 
end