function dx = monoD(t,x) 
dx(1,1) = 9.8467337917609256692230701446533*x(2) - 9.6991402075509540736675262451172*x(1) - 0.088864651231389757413126062601805*x(3) - 0.00054796651347788216668277527787723*x(1)*x(2) - 0.010420182420901369368948508054018*x(1)*x(3) + 0.0056806895928511735860411135945469*x(2)*x(3) - 0.012012812407679263060344965197146*x(1)^2 + 0.0034268482954713519461620307993144*x(2)^2 + 0.0037455795343741549174865212989971*x(3)^2 + 0.39404549146371437018387950956821; 
dx(2,1) = 28.323364886404306162148714065552*x(1) - 1.1465440594995470746653154492378*x(2) - 0.010271278579599751878959068562835*x(3) - 0.00015605096886600611227891022281256*x(1)*x(2) - 1.0112814196379531495040282607079*x(1)*x(3) + 0.0071399248134040860236382286529988*x(2)*x(3) - 0.011305007163901592548427288420498*x(1)^2 + 0.0007660211184307152976202814897988*x(2)^2 + 0.0017532755037867886471758538391441*x(3)^2 - 0.49754291986425869254162535071373; 
dx(3,1) = 0.29041960463177929341327399015427*x(2) - 0.58957743952043983881594613194466*x(1) - 2.5447784783732458890881389379501*x(3) + 1.0006594049025352433091029524803*x(1)*x(2) + 0.020548615299201600237211096100509*x(1)*x(3) - 0.011812262233618753271002788096666*x(2)*x(3) + 0.022591153091457982782230828888714*x(1)^2 - 0.0049247644074830176919022051151842*x(2)^2 - 0.0059223615030514764612235012464225*x(3)^2 - 0.21905394031713854019471909850836; 
end