function dx = monoD(t,x) 
dx(1,1) = 9.8824945148553524632006883621216*x(2) - 9.7736025874146434944123029708862*x(1) - 0.075580332096393476604134775698185*x(3) - 0.00040635533133048795662034535780549*x(1)*x(2) - 0.0078564757241803562237691949121654*x(1)*x(3) + 0.0041822686086385729709036240819842*x(2)*x(3) - 0.009212706452750296648446237668395*x(1)^2 + 0.0028694231216057630717841675505042*x(2)^2 + 0.0030443086586280365679613169049844*x(3)^2 + 0.39369086819374388142023235559464; 
dx(2,1) = 28.325570627403067192062735557556*x(1) - 1.1476400116757758951280266046524*x(2) - 0.010989047642874893995212914887816*x(3) - 0.00016722112690589763239756848633988*x(1)*x(2) - 1.0113545178348886111052706837654*x(1)*x(3) + 0.0071791985484770393100006913300604*x(2)*x(3) - 0.011393158779545942138611280824989*x(1)^2 + 0.00079423400277556233106679428601637*x(2)^2 + 0.0017833480975468773976899683475494*x(3)^2 - 0.49436147694234477967256680130959; 
dx(3,1) = 0.26498275170121132759959436953068*x(2) - 0.53620641292582149617373943328857*x(1) - 2.5543584501447185175493359565735*x(3) + 1.0005346075763554836157709360123*x(1)*x(2) + 0.018723838480386945093414396978915*x(1)*x(3) - 0.010746106987497228146821726113558*x(2)*x(3) + 0.020589063406486474150369758717716*x(1)^2 - 0.0045245841563854583000647835433483*x(2)^2 - 0.0054140499479924386605489416979253*x(3)^2 - 0.22012803681820969359250739216805; 
end