function dx = monoD(t,x) 
dx(1,1) = 9.9993072054967342410236597061157*x(2) - 9.9969124059589375974610447883606*x(1) + 0.0013192076964292365204300949699245*x(3) + 0.00032484522236869706190987017180305*x(1)*x(2) - 0.00025353880033140985261752575752325*x(1)*x(3) - 0.00019460837520923757182345070759766*x(2)^2 - 0.010804475414811776090573403052986; 
dx(2,1) = 28.0082398188460501842200756073*x(1) - 1.0031931042317410174291580915451*x(2) + 0.00045313487241266381388982154021505*x(1)*x(2) - 1.0006890692327488068258389830589*x(1)*x(3) + 0.00018795406988886265153837484831456*x(2)*x(3) - 0.00022026538231695313996283402957488*x(2)^2 - 0.00036383635834225103167227644007653; 
dx(3,1) = 0.0026230962822322290151078050257638*x(2) - 0.0042998486965082349797739880159497*x(1) - 2.6642163450769658084027469158173*x(3) + 1.000053086408797753392718732357*x(1)*x(2) + 0.00036918962966775437095634515571874*x(1)*x(3) - 0.00010451078642485789327309930740739*x(2)^2 - 0.021689848597898020443608402274549; 
end