function dx = monoD(t,x) 
dx(1,1) = 0.00014104796383859752317846414371161*x(2) - 0.00014238845974823277629184303805232*x(1) - 0.00029757026166021827151553225121461*x(3) - 0.0016215846697100744222552748396993*x(1)^2*x(2)^2 + 0.00029040822179160485916327161248773*x(1)^2*x(3)^2 + 0.0035976563605770728315746964653954*x(2)^2*x(3)^2 + 0.00053729379880163019578276362153701*x(1)*x(2) - 0.0033831827301411543373887980123982*x(1)*x(3) + 0.0013436672038698027620284847216681*x(2)*x(3) + 0.0039366619584049189484176167752594*x(1)*x(2)^2 - 0.0018417998835347226815883914241567*x(1)^2*x(2) - 0.0051495066518318921566788048949093*x(1)*x(2)^3 - 0.050560138688524602912366390228271*x(1)*x(3)^2 - 0.0053314191331512716942597762681544*x(1)^2*x(3) - 0.0071136572453838198271114379167557*x(1)^3*x(2) + 0.0015245089504702935556679221917875*x(1)*x(3)^3 + 0.011822711818400222227865015156567*x(2)*x(3)^2 - 0.0024961429856489303347188979387283*x(1)^3*x(3) + 0.0012847357817860061146575390012003*x(2)^2*x(3) - 0.00057388163114924228835889152833261*x(2)*x(3)^3 + 0.0012529021163607545474860671674833*x(2)^3*x(3) - 0.00030694965583250022334027562465053*x(1)^2 + 0.0025736981679225223729190474841744*x(1)^3 - 0.00013519873602269028012301532726269*x(2)^2 + 0.00081903554949014356623138155555353*x(1)^4 - 0.0071881349039699671266134828329086*x(2)^3 - 0.0020222468237180990513479628134519*x(3)^2 + 0.0037414894406797571946299285627902*x(2)^4 + 0.0029729135318055099901357607450336*x(3)^3 - 0.00011938321051381539650293461818364*x(3)^4 + 0.0018070884239698159490217221900821*x(1)*x(2)*x(3)^2 - 0.0032369738066750919358582905260846*x(1)*x(2)^2*x(3) - 0.0042877189518488734165657660923898*x(1)^2*x(2)*x(3) + 0.0070051852401977754425388411618769*x(1)*x(2)*x(3); 
dx(2,1) = 0.00038533223007392036763008036359679*x(1) + 0.00029538331367329195842330591403879*x(2) + 0.00076144587805382357714734098408371*x(3) - 0.016222474606319536860610242001712*x(1)^2*x(2)^2 + 0.0017570932492307900218975191819482*x(1)^2*x(3)^2 - 0.0013148089646599636637347430223599*x(2)^2*x(3)^2 + 0.00055396306345367740675555978668854*x(1)*x(2) + 0.0041732609126601261095856898464262*x(1)*x(3) + 0.0046932041017795356196984357666224*x(2)*x(3) - 0.0053764051628002462734912114683539*x(1)*x(2)^2 - 0.0023220200448816896710013679694384*x(1)^2*x(2) + 0.013637821000324734654896019492298*x(1)*x(2)^3 + 0.032213786418807899281091522425413*x(1)*x(3)^2 + 0.022273094320432562653877539560199*x(1)^2*x(3) - 0.010322378947360988377113244496286*x(1)^3*x(2) - 0.0023455065842443723056476301280782*x(1)*x(3)^3 + 0.057308272921403613509028218686581*x(2)*x(3)^2 + 0.0050091276182850918985423049889505*x(1)^3*x(3) - 0.0051256481307362378174730110913515*x(2)^2*x(3) - 0.0022977539367747823462195810861886*x(2)*x(3)^3 - 0.0056623787796912239400626276619732*x(2)^3*x(3) + 0.0018983124543789919869141158415005*x(1)^2 + 0.0038060178206307249126894021173939*x(1)^3 - 0.00077856594096614717415150153101422*x(2)^2 - 0.015265913172813228015911590773612*x(1)^4 - 0.016657573929055757844253093935549*x(2)^3 + 0.0044978286219361507392022758722305*x(3)^2 - 0.001671622598449218344285327475518*x(2)^4 - 0.0034946382931440034269598982064053*x(3)^3 + 0.00022929919782996299737476419977611*x(3)^4 + 0.0013242467988057171623950125649571*x(1)*x(2)*x(3)^2 + 0.0079195793509452272473936318419874*x(1)*x(2)^2*x(3) + 0.0084267185881099493371948483400047*x(1)^2*x(2)*x(3) + 0.0088597759636996897825156338512897*x(1)*x(2)*x(3); 
dx(3,1) = 0.0012342361930883782861201325431466*x(1)^2*x(3)^2 - 0.00031389210019366897697068452544045*x(3) - 0.0018754298668368640790049539646134*x(1)^2*x(2)^2 - 0.00013052248970718549614389303314965*x(1) + 0.0016587860421175548708561109378934*x(2)^2*x(3)^2 + 0.0011125146499137983369109861087054*x(1)*x(2) - 0.0023502615452599684431334026157856*x(1)*x(3) - 0.00087999228099922000012611533747986*x(2)*x(3) + 0.0057546114331286091214678890537471*x(1)*x(2)^2 + 0.0047301847171494770805111329536885*x(1)^2*x(2) - 0.0029410372325351374911406310275197*x(1)*x(2)^3 - 0.029086817789380603471727226860821*x(1)*x(3)^2 - 0.0024660913959935193418004928389564*x(1)^2*x(3) - 0.011018351701366668748960364609957*x(1)^3*x(2) + 0.00055261394405603514456970515311696*x(1)*x(3)^3 - 0.013343920727979963203324587084353*x(2)*x(3)^2 + 0.00057987687057736714280054002301767*x(1)^3*x(3) + 0.0174879039887585463475261349231*x(2)^2*x(3) - 0.00079519917282233620881015667691827*x(2)*x(3)^3 + 0.00035165142856796727244272915413603*x(2)^3*x(3) + 0.00048062225353301402108741058327723*x(1)^3 + 0.002033513293464128679488567286171*x(2)^2 - 0.0036131829676895321767915447708219*x(1)^4 + 0.011682335886396444379897729959339*x(2)^3 - 0.0020063310665574540792022162349895*x(3)^2 + 0.0023844135413058076267134310910478*x(2)^4 - 0.0063689818517440599521250987891108*x(3)^3 + 0.00016839657353404091644222262402764*x(3)^4 + 0.0031810868905060019073971488978714*x(1)*x(2)*x(3)^2 + 0.00030631116638013544672958232695237*x(1)*x(2)^2*x(3) - 0.0012990111698967243825109108001925*x(1)^2*x(2)*x(3) + 0.0095011153092023903354856884106994*x(1)*x(2)*x(3); 
end