function dx = monoD(t,x) 
dx(1,1) = 9.9990533095715363742783665657043*x(2) - 9.9980650610523298382759094238281*x(1) + 0.00037066172309979661392276284459513*x(3) - 0.00025484898902689012700761850283016*x(1)*x(3) + 0.0001159909839324735347787509454065*x(2)*x(3) - 0.0013987536518658139073068014113232; 
dx(2,1) = 27.998224248982296558097004890442*x(1) - 0.99915639254095367505215108394623*x(2) - 0.99978444850580672209616750478745*x(1)*x(3) + 0.00020533195602112641608982812613249; 
dx(3,1) = 0.0016688973386131955578548513585702*x(1) - 0.0007212312223033867653043671452906*x(2) - 2.6664847909310083196032792329788*x(3) + 1.0000208785697850544238463044167*x(1)*x(2) - 0.00020515976991578033228336153115379*x(1)*x(3) - 0.0008579950335209085565679743012879; 
end