function dx = monoD(t,x) 
dx(1,1) = 0.00015406360176392630556563290156191*x(2) - 0.0001252313629148127382961774856085*x(1) - 0.00025570028343679940263655225862749*x(3) - 0.0069627423073139738107784069143236*x(1)^2*x(2)^2 + 0.00027351802535036107144605921348557*x(1)^2*x(3)^2 + 0.0018812503131604429995604732539505*x(2)^2*x(3)^2 + 0.00090779120211648134386450692545623*x(1)*x(2) - 0.0032545970235560162109322845935822*x(1)*x(3) + 0.001294383990566583264580913237296*x(2)*x(3) - 0.00013649336618212770666502819949528*x(1)*x(2)^2 - 0.00016449765516127201614438035903731*x(1)^2*x(2) + 0.0031268864225237891218966979067773*x(1)*x(2)^3 - 0.048147525453323680721950950101018*x(1)*x(3)^2 - 0.0034438635482252344388598430668935*x(1)^2*x(3) - 0.0063101938453478112478478578850627*x(1)^3*x(2) + 0.0013088843153663543006359759601764*x(1)*x(3)^3 + 0.01107910831719571831399662187323*x(2)*x(3)^2 - 0.0041405591264371821580425603315234*x(1)^3*x(3) + 0.007634410001825742142500530462712*x(2)^2*x(3) + 0.0001450802091731151488573914321023*x(2)*x(3)^3 + 0.0007037752385763429430198812042363*x(1)^3 + 0.00055715255531352259055211106897332*x(2)^2 - 0.0067076269199599636294806259684265*x(1)^4 - 0.0089375376663571870494706672616303*x(2)^3 - 0.0017885721040258317771076690405607*x(3)^2 + 0.0011445756988615052307523001218215*x(2)^4 - 0.0014157653987187934774283348815516*x(3)^3 + 0.0015200775209482930705462422338314*x(1)*x(2)*x(3)^2 + 0.00040963040518793292221744195558131*x(1)*x(2)^2*x(3) - 0.0022772848824561542357969301519915*x(1)^2*x(2)*x(3) + 0.010441876703730201825237600132823*x(1)*x(2)*x(3); 
dx(2,1) = 0.00034835069858246692220404838735703*x(1) + 0.00028353743571229994557825193624012*x(2) + 0.00069977075419347389839686002233066*x(3) - 0.0090047300082645165275607723742723*x(1)^2*x(2)^2 + 0.0018566155182107024756987811997533*x(1)^2*x(3)^2 + 0.0010512065300656292521352952462621*x(2)^2*x(3)^2 + 0.0038908564267767786759577575139701*x(1)*x(3) + 0.0048698571622942665726441191509366*x(2)*x(3) - 0.00063828957056000223957425987464376*x(1)*x(2)^2 - 0.0039806455752904312817008758429438*x(1)^2*x(2) + 0.0022692628464540121058234944939613*x(1)*x(2)^3 + 0.028848331691072814919607480987906*x(1)*x(3)^2 + 0.018242186294415319025574717670679*x(1)^2*x(3) - 0.011473966741920804679466527886689*x(1)^3*x(2) - 0.0020605680760255040695483330637217*x(1)*x(3)^3 + 0.058903020533414007786632282659411*x(2)*x(3)^2 + 0.0073005849876839334910982870496809*x(1)^3*x(3) - 0.014199766078121456303051672875881*x(2)^2*x(3) - 0.0033164180221674222082128835609183*x(2)*x(3)^3 - 0.0040328142734615823883359553292394*x(2)^3*x(3) + 0.001448266571729472929064286290668*x(1)^2 + 0.005639229912294041469067451544106*x(1)^3 - 0.0017923749625186058409553879755549*x(2)^2 - 0.0050889490209327092884450394194573*x(1)^4 - 0.013597464671722292450795066542923*x(2)^3 + 0.0041209093097611670941660122480243*x(3)^2 + 0.0019299276783328878082102164626122*x(2)^4 + 0.0024977133326666844936880806926638*x(3)^3 + 0.0017724152727032205234536377247423*x(1)*x(2)*x(3)^2 + 0.0030050244277299853479235025588423*x(1)*x(2)^2*x(3) + 0.0056659431128949222511437255889177*x(1)^2*x(2)*x(3) + 0.0034848988269038372322938812430948*x(1)*x(2)*x(3); 
dx(3,1) = 0.0013994183620273936696776218013838*x(1)^2*x(3)^2 - 0.0003498829299562467021189604565734*x(3) - 0.0049478824839095381094011827372015*x(1)^2*x(2)^2 - 0.00014917836409350515580740648147184*x(1) + 0.0013406914610212261607102846028283*x(2)^2*x(3)^2 + 0.00099845128893094603483859827974811*x(1)*x(2) - 0.0024589835191792808188893104670569*x(1)*x(3) - 0.00080075292869052905331272995681502*x(2)*x(3) + 0.0048357253207944594919354130979627*x(1)*x(2)^2 + 0.0049916234762052980045154981780797*x(1)^2*x(2) + 0.0001912929596525891895453241886571*x(1)*x(2)^3 - 0.028499260701128292794237495400012*x(1)*x(3)^2 - 0.0048898140274360457624425180256367*x(1)^2*x(3) - 0.011939569209840072971928748302162*x(1)^3*x(2) + 0.00046653432217313994812002420076169*x(1)*x(3)^3 - 0.013477711801753500253653328400105*x(2)*x(3)^2 + 0.00024745421825478342015003363485448*x(1)^3*x(3) + 0.016563046516747448322348645888269*x(2)^2*x(3) - 0.00060185864464068483670189380063675*x(2)*x(3)^3 - 0.00020068943009998729820608787122183*x(2)^3*x(3) - 0.0001720810529665384169817343718023*x(1)^2 - 0.00042856331568619232541550445603207*x(1)^3 + 0.0018929348999234818506920419167727*x(2)^2 - 0.006643507796942671461692953016609*x(1)^4 + 0.011900872476044099812497734092176*x(2)^3 - 0.0023846467182089270409051096066833*x(3)^2 + 0.0017896209353949199538647008012049*x(2)^4 - 0.0076350043850883508866900228895247*x(3)^3 + 0.00022313776660462525391892540937988*x(3)^4 + 0.0031506208473244257106671284418553*x(1)*x(2)*x(3)^2 + 0.0018900632291687369246346861473285*x(1)*x(2)^2*x(3) - 0.00036363683880363817380043656157795*x(1)^2*x(2)*x(3) + 0.0084850364937096856010612100362778*x(1)*x(2)*x(3); 
end