function dx = monoD(t,x) 
dx(1,1) = 9.9994504585338290780782699584961*x(2) - 9.9957321284819045104086399078369*x(1) + 0.002631399019719982135256941546686*x(3) + 0.0005708068033770663518566834682133*x(1)*x(2) - 0.0003405883174366075571981582470471*x(1)*x(3) - 0.00034692231296462594514196098316461*x(2)^2 - 0.00013517604715279629701285557530355*x(3)^2 - 0.021585096602102282759005902335048; 
dx(2,1) = 28.008146962307364447042346000671*x(1) - 1.0030842019405099563300609588623*x(2) + 0.00033881610952413154791429406031966*x(3) + 0.0004743361910063970121598231344251*x(1)*x(2) - 1.0006704095069380855420604348183*x(1)*x(3) + 0.00018685488736761013406351139565231*x(2)*x(3) - 0.00023483740416319065502648300025612*x(2)^2 - 0.0027208736130925892382492747856304; 
dx(3,1) = 0.0026203943235558746494007209548727*x(2) - 0.0039796529837490268732835829723626*x(1) - 2.6639960271991185436490923166275*x(3) + 1.0000351690489424072438850998878*x(1)*x(2) + 0.00033728872004462617795184087299276*x(1)*x(3) - 0.00011476924313803815724810419851565*x(2)^2 - 0.00011061200647372038119442549941596*x(3)^2 - 0.023353797317312796621990855783224; 
end