function dx = monoD(t,x) 
dx(1,1) = 10.00003136195846309419721364975*x(2) - 9.9999014109580457443371415138245*x(1) + 0.00025253176147227440750953064707574*x(3) - 0.0031180004376407666200066159944981; 
dx(2,1) = 28.000085065392340766265988349915*x(1) - 0.99999104174503372632898390293121*x(2) + 0.00014949763267235738339877570979297*x(3) - 1.0000006942464096937328577041626*x(1)*x(3) - 0.0019572163630598993222520221024752; 
dx(3,1) = 1.000014880833077768329530954361*x(1)*x(2) - 2.6671320859159095562063157558441*x(3) - 0.00020464271523237820282759003021056*x(1) + 0.0058324746113038727912680769804865; 
end