function dx = monoD(t,x) 
dx(1,1) = 9.99956128328813065309077501297*x(2) - 9.9945151270694623235613107681274*x(1) + 0.0038690308337669954141802008962259*x(3) + 0.00080821251990681464150156898540445*x(1)*x(2) - 0.00043099511907834786583748609700706*x(1)*x(3) - 0.00049350384098822974721088030491956*x(2)^2 - 0.00019702794641399123953817706933478*x(3)^2 - 0.031730750096627957645978312939405; 
dx(2,1) = 28.007125172101950738579034805298*x(1) - 1.0022842283849513478344306349754*x(2) + 0.0013405779334745293596142801106907*x(3) + 0.0005505291693679303932640323182568*x(1)*x(2) - 1.0005694758228855789639055728912*x(1)*x(3) + 0.0001620970622917550230113192810677*x(2)*x(3) - 0.00029487352655249710053908529516775*x(2)^2 - 0.011139940483104737722896970808506; 
dx(3,1) = 0.0025612208653744694686338334577158*x(2) - 0.0033215572289897465907415607944131*x(1) - 2.6636487820228467171546071767807*x(3) + 1.0000433834827617829432711005211*x(1)*x(2) + 0.00027646773379402800330240097537171*x(1)*x(3) - 0.00014200401854849720173490368324565*x(2)^2 - 0.00012937706918805802480676447885344*x(3)^2 - 0.025892867255411289306721300818026; 
end