function dx = monoD(t,x) 
dx(1,1) = 10.000057303514040540903806686401*x(2) - 9.9997451307408482534810900688171*x(1) + 0.00055989997152994241957912890939042*x(3) - 0.0070708106588073249554327048826963; 
dx(2,1) = 28.000029700124287046492099761963*x(1) - 1.0000017277006918448023498058319*x(2) - 1.0000003640548129624221473932266*x(1)*x(3) - 0.0004192461143260883815742090519052; 
dx(3,1) = 1.0000280815229416475631296634674*x(1)*x(2) - 2.667452512137970188632607460022*x(3) - 0.00038674629561019635559659946011379*x(1) + 0.010042380300662401282352220732719; 
end