function dx = monoD(t,x) 
dx(1,1) = 9.9999995925154507858678698539734*x(2) - 9.9999998354214767459779977798462*x(1); 
dx(2,1) = 27.999992196488165063783526420593*x(1) - 0.99999728325371961545897647738457*x(2) - 0.99999971620854921638965606689453*x(1)*x(3); 
dx(3,1) = 1.000000195807615455123595893383*x(1)*x(2) - 2.6666691668465318798553198575974*x(3); 
end