function dx = monoD(t,x) 
dx(1,1) = 0.03446819940363354817236540839076*x(1) + 0.093450934912311822699848562479019*x(2) + 0.027959591426260033131256932392716*x(3) + 0.0047754480117472297706626704894006*x(1)^2*x(2)^2 + 0.0019086170934996538051109382649884*x(1)^2*x(3)^2 + 0.0012491877562397224465939871151932*x(2)^2*x(3)^2 + 0.057036011625122284840472275391221*x(1)*x(2) + 0.16584365534069434033881407231092*x(1)*x(3) + 0.60527314471880799828795716166496*x(2)*x(3) - 0.16231468846257257609977386891842*x(1)*x(2)^2 + 0.083249897806041417425149120390415*x(1)^2*x(2) - 0.0070805823136073087198383291251957*x(1)*x(2)^3 - 0.031104033884727044778628624044359*x(1)*x(3)^2 - 0.11900194761065563398005906492472*x(1)^2*x(3) + 0.0093821989632765223632304696366191*x(1)^3*x(2) + 0.0013100246725272768344439100474119*x(1)*x(3)^3 - 0.027702120907182603559704148210585*x(2)*x(3)^2 - 0.010013550198392451306972361635417*x(1)^3*x(3) - 0.005387800328409575456589664099738*x(2)^2*x(3) + 0.00082651354467311310969535043113865*x(2)*x(3)^3 + 0.0017406085734537057874149468261749*x(2)^3*x(3) - 0.027795621876741449796099914237857*x(1)^2 + 0.26801796198708416341105476021767*x(1)^3 + 0.17266080145955697844328824430704*x(2)^2 + 0.0058553582065119513799800188280642*x(1)^4 + 0.012549068761213533207410364411771*x(2)^3 - 0.093533465671114868200675118714571*x(3)^2 + 0.0012995246215437017411886699846946*x(2)^4 + 0.0076295515168274263828607217874378*x(3)^3 - 0.00023396569596870198104454630083637*x(3)^4 - 0.004468881532054602701009571319446*x(1)*x(2)*x(3)^2 - 0.0025548555419852014836123998975381*x(1)*x(2)^2*x(3) + 0.079090256576463957571831997483969*x(1)*x(2)*x(3) + 0.0080231981758327464149260777048767; 
dx(2,1) = 0.10986688734855931670608697459102*x(1) + 0.18026700593071609546313993632793*x(2) + 0.0094156037907051626234533614479005*x(3) + 0.0098038972224436804481229046359658*x(1)^2*x(2)^2 - 0.0089690888053635120513717993162572*x(1)^2*x(3)^2 + 0.0056306017470513225475770013872534*x(2)^2*x(3)^2 - 0.14302464496782363312377128750086*x(1)*x(2) + 0.60552941073103738744975998997688*x(1)*x(3) + 1.024720626524640465504489839077*x(2)*x(3) - 0.19171403255757013539550825953484*x(1)*x(2)^2 - 0.19703083058072934363735839724541*x(1)^2*x(2) - 0.036416642246699382212682394310832*x(1)*x(2)^3 + 0.033304036231406541901378659531474*x(1)*x(3)^2 + 0.09685313751774060619936790317297*x(1)^2*x(3) + 0.046068389264654285852884640917182*x(1)^3*x(2) - 0.00015301615974500082373310760885943*x(1)*x(3)^3 - 0.10627770006712466965836938470602*x(2)*x(3)^2 + 0.0064013045759230280395968293305486*x(1)^3*x(3) - 0.19125196972959201957564800977707*x(2)^2*x(3) + 0.0036583685581663694108556228457019*x(2)*x(3)^3 + 0.0061853494831192179503887018654495*x(2)^3*x(3) - 0.18004028467504440413904376327991*x(1)^2 - 0.060670567092202531966904643923044*x(1)^3 - 0.26062026803049320733407512307167*x(2)^2 + 0.048053224318685749949509045109153*x(1)^4 + 0.11890676241175412997108651325107*x(2)^3 - 0.3195986334274607543193269520998*x(3)^2 + 0.0060385006864436263640527613461018*x(2)^4 + 0.024973564903817191407142672687769*x(3)^3 - 0.00067680424525806692770402150927112*x(3)^4 - 0.02788491398896653095107467379421*x(1)*x(2)*x(3)^2 - 0.011395720628957661801905487664044*x(1)*x(2)^2*x(3) + 0.0034709719426779805928617861354724*x(1)^2*x(2)*x(3) + 0.63165553171324972936417907476425*x(1)*x(2)*x(3) + 0.012099055822355708755821979139; 
dx(3,1) = 0.012779615408208044868842989671975*x(1) + 0.019073570529940298001747578382492*x(2) - 0.029838208105797292546412791125476*x(3) + 0.0022743152670186006503172393422574*x(1)^2*x(2)^2 - 0.0039518649488865520424951682798564*x(1)^2*x(3)^2 + 0.0021954597174653756042062013875693*x(2)^2*x(3)^2 + 0.067729183811280790905584581196308*x(1)*x(2) + 0.051452265195514712559088366106153*x(1)*x(3) + 0.051165595448580347692768555134535*x(2)*x(3) - 0.05645888834668255640281131491065*x(1)*x(2)^2 + 0.0048824449435098671301602735184133*x(1)^2*x(2) - 0.012518460064766756545395764987916*x(1)*x(2)^3 - 0.016427188923135105369510711170733*x(1)*x(3)^2 + 0.07276316602515464637690456584096*x(1)^2*x(3) + 0.010260838677776717986489529721439*x(1)^3*x(2) + 0.00099636278831694014002096082549542*x(1)*x(3)^3 - 0.027294353697282502935195225290954*x(2)*x(3)^2 + 0.0017608505411828012654495978495106*x(1)^3*x(3) - 0.067604051675843379598518367856741*x(2)^2*x(3) + 0.0011239699508973632902097961050458*x(2)*x(3)^3 + 0.0023969227049800423401393345557153*x(2)^3*x(3) + 0.011403893360016681413071637507528*x(1)^2 - 0.12543902302965648232202511280775*x(1)^3 + 0.1512633878850238033919595181942*x(2)^2 + 0.013148102374918479995358211454004*x(1)^4 + 0.045558279129409129382111132144928*x(2)^3 - 0.31015127167307809941121377050877*x(3)^2 + 0.0029354361414006824304578913142905*x(2)^4 + 0.013327763567305694891729217488319*x(3)^3 - 0.00024151765041868777927902556257322*x(3)^4 - 0.0062204095669740055996044247876853*x(1)*x(2)*x(3)^2 - 0.0018293194955503189191858837148175*x(1)*x(2)^2*x(3) - 0.0040153230652473226314214116428047*x(1)^2*x(2)*x(3) + 0.20845232096604604521417059004307*x(1)*x(2)*x(3) - 0.0015339994328906758624952999525703; 
end