function dx = monoD(t,x) 
dx(1,1) = 9.999519187304031220264732837677*x(2) - 9.9992930521475500427186489105225*x(1) + 0.00010616841216026795535753990407102*x(3) - 0.00014072423358477137433908410457661*x(1)*x(3) + 0.00014369585586324062909113763453206*x(1)^2 - 0.0001031569688329236900159457945847; 
dx(2,1) = 27.992305366973596392199397087097*x(1) - 0.99636727540803349256748333573341*x(2) - 0.00043685544957688948741747481108177*x(3) - 0.99918101156242755678249523043633*x(1)*x(3) - 0.00035770042078969721544012827507686*x(2)*x(3) + 0.00026520951549069415875692357076332*x(1)^2 + 0.0017433621117450837090245840954594; 
dx(3,1) = 0.0016712880269240670827457506675273*x(1) - 0.00077544008251695384359436502563767*x(2) - 2.6669038510376594786066561937332*x(3) + 0.99983138961192707938607782125473*x(1)*x(2) - 0.00019920242861176662430011674587149*x(1)*x(3) + 0.00025813759926596180349633868900128*x(1)^2 + 0.00081757459247056019080446276348084; 
end