function dx = monoD(t,x) 
dx(1,1) = 9.999299020239050150848925113678*x(2) - 9.9987690453108371002599596977234*x(1) + 0.00017419078318356429058155754319159*x(3) - 0.00019140316052274064517746410274412*x(1)*x(3) + 0.00011192501387617681540831426900695*x(2)*x(3) - 0.00042669053028759895695998238807078; 
dx(2,1) = 27.993987672543880762532353401184*x(1) - 0.99715750293250948743661865592003*x(2) - 0.00036736192801711808897380251437426*x(3) - 0.99935242421759085118537768721581*x(1)*x(3) - 0.00028378119646266242170895566232502*x(2)*x(3) + 0.00021497650667978707161864804220386*x(1)^2 + 0.0014612136682115028918360621901229; 
dx(3,1) = 0.0014538421143701629745237369206734*x(1) - 0.00063826608154304853570693012443371*x(2) - 2.666752449065370456082746386528*x(3) + 0.99990265735823413706384599208832*x(1)*x(2) - 0.00018419748159917426200138379499549*x(1)*x(3) + 0.00019309613260903857323569354775827*x(1)^2 + 0.00020171085908474162273762431141222; 
end